1.0,0.06060606060606055,0.06779661016949157,0.1071428571428571,0.19999999999999996,0.05063291139240511,0.0714285714285714,0.09756097560975607,0.1724137931034483,0.1095890410958904,0.05813953488372092,0.1428571428571429,0.1333333333333333,0.12121212121212122,0.18518518518518523,0.11538461538461542,0.14893617021276595,0.07407407407407407,0.06451612903225812,0.10769230769230764,0.20588235294117652,0.06666666666666665,0.06000000000000005,0.04705882352941182,0.19999999999999996,0.19047619047619047,0.34782608695652173,0.049645390070921946,0.05154639175257736,0.02777777777777779,0.08571428571428574,0.16666666666666663,0.13636363636363635,0.09999999999999998,0.12244897959183676,0.11428571428571432,0.06756756756756754,0.06422018348623848,0.04040404040404044,0.15625,0.1454545454545455,0.20833333333333337,0.13636363636363635,0.1428571428571429,0.13043478260869568,0.15625,0.09999999999999998,0.16666666666666663,0.0444444444444444,0.05555555555555558,0.02941176470588236,0.11627906976744184,0.05747126436781613,0.16666666666666663,0.2592592592592593,0.21875,0.14634146341463417,0.06944444444444442,0.14814814814814814,0.07407407407407407,0.1351351351351351,0.12903225806451613,0.03875968992248058,0.11111111111111116,0.050000000000000044,0.09999999999999998,0.10909090909090913,0.16666666666666663,0.11764705882352944,0.06451612903225812,0.024390243902439046,0.03424657534246578,0.1428571428571429,0.11764705882352944,0.2647058823529411,0.078125,0.16666666666666663,0.0757575757575758,0.15000000000000002,0.125,0.0625,0.08750000000000002,0.19047619047619047,0.07216494845360821,0.09722222222222221,0.045454545454545414,0.17391304347826086,0.4375,0.11904761904761907,0.09375,0.10769230769230764,0.17948717948717952,0.08695652173913049,0.12,0.08695652173913049,0.09375,0.09302325581395354,0.23913043478260865,0.1132075471698113,0.12962962962962965,0.18518518518518523,0.1428571428571429,0.18181818181818177,0.09677419354838712,0.10869565217391308,0.16279069767441856,0.06896551724137934,0.18518518518518523,0.10526315789473684,0.061224489795918324,0.13043478260869568,0.125,0.15909090909090906,0.26315789473684215,0.06521739130434778,0.02777777777777779,0.16216216216216217,0.12698412698412698,0.03428571428571425,0.125,0.11111111111111116,0.13043478260869568,0.044642857142857095,0.058252427184465994,0.2857142857142857,0.06382978723404253,0.07843137254901966,0.04938271604938271,0.0359281437125748,0.05882352941176472,0.04761904761904767,0.07594936708860756,0.023121387283236983,0.013513513513513487,0.061224489795918324,0.0273972602739726,0.030303030303030276,0.18181818181818177,0.0625,0.14814814814814814,0.1578947368421053,0.1724137931034483,0.13043478260869568,0.11111111111111116,0.19354838709677424,0.07407407407407407,0.2222222222222222,0.125,0.040000000000000036,0.1428571428571429,0.12903225806451613,0.11764705882352944,0.1071428571428571,0.2777777777777778,0.17500000000000004,0.2272727272727273,0.09433962264150941,0.16666666666666663,0.18181818181818177,0.15384615384615385,0.05084745762711862,0.18181818181818177,0.050000000000000044,0.07017543859649122,0.1785714285714286,0.24,0.0847457627118644,0.09090909090909094,0.30000000000000004,0.25
0.06060606060606055,1.0,0.08421052631578951,0.030303030303030276,0.03529411764705881,0.11818181818181817,0.0357142857142857,0.031746031746031744,0.04225352112676062,0.03418803418803418,0.09166666666666667,0.04347826086956519,0.07246376811594202,0.04054054054054057,0.014084507042253502,0.014705882352941124,0.0444444444444444,0.040983606557377095,0.028169014084507005,0.08737864077669899,0.051948051948051965,0.06024096385542166,0.20779220779220775,0.05737704918032782,0.02941176470588236,0.08433734939759041,0.044117647058823484,0.06818181818181823,0.12698412698412698,0.14925373134328357,0.040000000000000036,0.05633802816901412,0.031746031746031744,0.09090909090909094,0.04395604395604391,0.06756756756756754,0.008474576271186418,0.0331125827814569,0.02877697841726623,0.026666666666666616,0.04040404040404044,0.045454545454545414,0.022727272727272707,0.07462686567164178,0.05747126436781613,0.04054054054054057,0.042857142857142816,0.05494505494505497,0.1298701298701299,0.07777777777777772,0.08910891089108908,0.03529411764705881,0.04761904761904767,0.0461538461538461,0.04225352112676062,0.06756756756756754,0.060975609756097615,0.17000000000000004,0.02898550724637683,0.078125,0.03797468354430378,0.0273972602739726,0.09433962264150941,0.030927835051546393,0.06617647058823528,0.050000000000000044,0.04123711340206182,0.014925373134328401,0.03508771929824561,0.07751937984496127,0.10810810810810811,0.09142857142857141,0.02857142857142858,0.054545454545454564,0.0641025641025641,0.08999999999999997,0.04166666666666663,0.047169811320754707,0.023809523809523836,0.05555555555555558,0.13636363636363635,0.024193548387096753,0.03448275862068961,0.04347826086956519,0.04385964912280704,0.09090909090909094,0.046875,0.032786885245901676,0.0357142857142857,0.13636363636363635,0.05660377358490565,0.06172839506172845,0.046511627906976716,0.06666666666666665,0.046511627906976716,0.037735849056603765,0.060975609756097615,0.05434782608695654,0.04210526315789476,0.05208333333333337,0.04347826086956519,0.02857142857142858,0.045454545454545414,0.038461538461538436,0.04597701149425293,0.046511627906976716,0.023076923076923106,0.02857142857142858,0.04040404040404044,0.17948717948717952,0.022222222222222254,0.0444444444444444,0.05813953488372092,0.032258064516129004,0.12658227848101267,0.11764705882352944,0.024691358024691357,0.03738317757009346,0.032710280373831724,0.05555555555555558,0.09375,0.0337078651685393,0.039735099337748325,0.020547945205479423,0.03076923076923077,0.03703703703703709,0.09195402298850575,0.14678899082568808,0.039024390243902474,0.1428571428571429,0.09278350515463918,0.0964912280701754,0.05853658536585371,0.08490566037735847,0.09523809523809523,0.036036036036036,0.12698412698412698,0.04761904761904767,0.04225352112676062,0.014285714285714235,0.05084745762711862,0.013698630136986356,0.0337078651685393,0.02564102564102566,0.04054054054054057,0.078125,0.10526315789473684,0.03658536585365857,0.08974358974358976,0.07216494845360821,0.013513513513513487,0.06593406593406592,0.04081632653061229,0.032786885245901676,0.048192771084337394,0.03076923076923077,0.101123595505618,0.05128205128205132,0.025974025974025983,0.04477611940298509,0.05607476635514019,0.03125,0.05128205128205132,0.05208333333333337,0.05797101449275366,0.02898550724637683,0.15555555555555556,0.011494252873563204,0.03125,0.0714285714285714
0.06779661016949157,0.08421052631578951,1.0,0.03260869565217395,0.051948051948051965,0.0357142857142857,0.02985074626865669,0.05128205128205132,0.015151515151515138,0.036363636363636376,0.07826086956521738,0.031746031746031744,0.08064516129032262,0.04477611940298509,0.08333333333333337,0.05084745762711862,0.060975609756097615,0.0714285714285714,0.04761904761904767,0.06060606060606055,0.08823529411764708,0.06578947368421051,0.07499999999999996,0.07017543859649122,0.032786885245901676,0.0641025641025641,0.049180327868852514,0.09696969696969693,0.06299212598425197,0.06060606060606055,0.044117647058823484,0.014925373134328401,0.07407407407407407,0.09999999999999998,0.03529411764705881,0.04347826086956519,0.03703703703703709,0.04195804195804198,0.03816793893129766,0.04477611940298509,0.04347826086956519,0.06896551724137934,0.05063291139240511,0.1607142857142857,0.04938271604938271,0.04477611940298509,0.01538461538461533,0.04705882352941182,0.052631578947368474,0.1392405063291139,0.04040404040404044,0.051948051948051965,0.03305785123966942,0.03389830508474578,0.06349206349206349,0.05882352941176472,0.052631578947368474,0.05769230769230771,0.06666666666666665,0.21568627450980393,0.05633802816901412,0.0625,0.12080536912751683,0.0449438202247191,0.15966386554621848,0.0547945205479452,0.09302325581395354,0.051724137931034475,0.019607843137254943,0.07317073170731703,0.04166666666666663,0.06358381502890176,0.10169491525423724,0.028301886792452824,0.07042253521126762,0.0736842105263158,0.0461538461538461,0.1685393258426966,0.03947368421052633,0.045454545454545414,0.08256880733944949,0.04347826086956519,0.0641025641025641,0.0703125,0.03703703703703709,0.050420168067226934,0.0714285714285714,0.03703703703703709,0.038961038961038974,0.09677419354838712,0.050000000000000044,0.053333333333333344,0.09210526315789469,0.07228915662650603,0.10666666666666669,0.030000000000000027,0.08108108108108103,0.08433734939759041,0.05747126436781613,0.08045977011494254,0.06557377049180324,0.06557377049180324,0.04938271604938271,0.06315789473684208,0.06329113924050633,0.05063291139240511,0.04132231404958675,0.015625,0.04347826086956519,0.07594936708860756,0.03658536585365857,0.048192771084337394,0.06329113924050633,0.036363636363636376,0.06493506493506496,0.08080808080808077,0.04109589041095896,0.02970297029702973,0.04390243902439028,0.014705882352941124,0.10526315789473684,0.0625,0.13636363636363635,0.02898550724637683,0.0714285714285714,0.0390625,0.07317073170731703,0.08256880733944949,0.05641025641025643,0.0714285714285714,0.07608695652173914,0.09259259259259256,0.10526315789473684,0.02857142857142858,0.07594936708860756,0.018867924528301883,0.0546875,0.0535714285714286,0.1166666666666667,0.049180327868852514,0.09999999999999998,0.06349206349206349,0.02409638554216864,0.05797101449275366,0.06060606060606055,0.1923076923076923,0.16666666666666663,0.05405405405405406,0.05161290322580647,0.0898876404494382,0.0461538461538461,0.046511627906976716,0.09195402298850575,0.018181818181818188,0.08108108108108103,0.03448275862068961,0.04597701149425293,0.0273972602739726,0.07462686567164178,0.050000000000000044,0.03791469194312791,0.0535714285714286,0.0273972602739726,0.0561797752808989,0.06451612903225812,0.049180327868852514,0.15476190476190477,0.051948051948051965,0.0535714285714286,0.0625
0.1071428571428571,0.030303030303030276,0.03260869565217395,1.0,0.11111111111111116,0.0267857142857143,0.06201550387596899,0.07017543859649122,0.04761904761904767,0.07619047619047614,0.03361344537815125,0.06666666666666665,0.04761904761904767,0.045454545454545414,0.0847457627118644,0.051724137931034475,0.07499999999999996,0.10185185185185186,0.06557377049180324,0.061224489795918324,0.08955223880597019,0.08108108108108103,0.03658536585365857,0.06140350877192979,0.1071428571428571,0.06493506493506496,0.125,0.03448275862068961,0.055118110236220486,0.014705882352941124,0.09375,0.08064516129032262,0.07547169811320753,0.027027027027026973,0.048192771084337394,0.044117647058823484,0.06730769230769229,0.049645390070921946,0.0546875,0.06153846153846154,0.05555555555555558,0.0892857142857143,0.05128205128205132,0.0847457627118644,0.09090909090909094,0.11290322580645162,0.048387096774193505,0.0864197530864198,0.025974025974025983,0.03488372093023251,0.0625,0.08108108108108103,0.05982905982905984,0.0714285714285714,0.08196721311475408,0.0757575757575758,0.03947368421052633,0.07920792079207917,0.050000000000000044,0.051724137931034475,0.08823529411764708,0.046875,0.05063291139240511,0.05747126436781613,0.06201550387596899,0.05555555555555558,0.08139534883720934,0.052631578947368474,0.04081632653061229,0.04800000000000004,0.04225352112676062,0.03389830508474578,0.0847457627118644,0.06930693069306926,0.1029411764705882,0.05208333333333337,0.09836065573770492,0.061855670103092786,0.06849315068493156,0.07936507936507942,0.03539823008849563,0.04385964912280704,0.09333333333333338,0.20353982300884954,0.08823529411764708,0.024793388429752095,0.07272727272727275,0.12244897959183676,0.0821917808219178,0.03076923076923077,0.5522388059701493,0.11428571428571432,0.06493506493506496,0.04761904761904767,0.06493506493506496,0.0625,0.06756756756756754,0.09876543209876543,0.07058823529411762,0.08139534883720934,0.0847457627118644,0.049180327868852514,0.09090909090909094,0.06382978723404253,0.05063291139240511,0.09333333333333338,0.06837606837606836,0.06666666666666665,0.07954545454545459,0.03703703703703709,0.06329113924050633,0.04878048780487809,0.0641025641025641,0.0980392156862745,0.07999999999999996,0.019230769230769273,0.1029411764705882,0.061855670103092786,0.039024390243902474,0.0461538461538461,0.033333333333333326,0.07692307692307687,0.04195804195804198,0.0444444444444444,0.07272727272727275,0.07317073170731703,0.0357142857142857,0.05405405405405406,0.040609137055837574,0.0505050505050505,0.06521739130434778,0.09345794392523366,0.05025125628140703,0.01904761904761909,0.03703703703703709,0.0490196078431373,0.03875968992248058,0.09433962264150941,0.08196721311475408,0.08620689655172409,0.05882352941176472,0.06451612903225812,0.050000000000000044,0.07462686567164178,0.078125,0.051724137931034475,0.05555555555555558,0.0547945205479452,0.04516129032258065,0.05494505494505497,0.08064516129032262,0.04705882352941182,0.09302325581395354,0.09999999999999998,0.12857142857142856,0.1132075471698113,0.09756097560975607,0.08823529411764708,0.0757575757575758,0.05084745762711862,0.0531400966183575,0.07407407407407407,0.02777777777777779,0.06896551724137934,0.10169491525423724,0.06779661016949157,0.0786516853932584,0.052631578947368474,0.07407407407407407,0.1166666666666667
0.19999999999999996,0.03529411764705881,0.051948051948051965,0.11111111111111116,1.0,0.06315789473684208,0.10810810810810811,0.13684210526315788,0.13043478260869568,0.1123595505617978,0.028301886792452824,0.11111111111111116,0.1063829787234043,0.09999999999999998,0.13636363636363635,0.09302325581395354,0.1428571428571429,0.14130434782608692,0.1333333333333333,0.09756097560975607,0.20408163265306123,0.04761904761904767,0.05970149253731338,0.09183673469387754,0.09090909090909094,0.15254237288135597,0.16666666666666663,0.0573248407643312,0.02564102564102566,0.037735849056603765,0.0980392156862745,0.12765957446808507,0.16216216216216217,0.033333333333333326,0.08955223880597019,0.11764705882352944,0.12790697674418605,0.12605042016806722,0.09009009009009006,0.12244897959183676,0.125,0.17500000000000004,0.1333333333333333,0.08695652173913049,0.16666666666666663,0.19565217391304346,0.08510638297872342,0.15625,0.031746031746031744,0.05633802816901412,0.04761904761904767,0.09999999999999998,0.12244897959183676,0.15000000000000002,0.15555555555555556,0.14,0.12068965517241381,0.0674157303370787,0.13953488372093026,0.0444444444444444,0.13207547169811318,0.10416666666666663,0.0482758620689655,0.11428571428571432,0.06956521739130439,0.12727272727272732,0.11267605633802813,0.09523809523809523,0.05714285714285716,0.044642857142857095,0.052631578947368474,0.036809815950920255,0.19047619047619047,0.09302325581395354,0.196078431372549,0.08750000000000002,0.1777777777777778,0.11250000000000004,0.1636363636363637,0.10204081632653061,0.030000000000000027,0.10526315789473684,0.2142857142857143,0.11926605504587151,0.12790697674418605,0.028037383177570097,0.15384615384615385,0.13888888888888884,0.14035087719298245,0.06000000000000005,0.1392405063291139,0.1636363636363637,0.11475409836065575,0.12121212121212122,0.09677419354838712,0.1282051282051282,0.14035087719298245,0.15384615384615385,0.1159420289855072,0.14492753623188404,0.11111111111111116,0.08695652173913049,0.11111111111111116,0.13157894736842102,0.11290322580645162,0.1333333333333333,0.13265306122448983,0.11111111111111116,0.30645161290322576,0.02941176470588236,0.12903225806451613,0.1428571428571429,0.1694915254237288,0.1351351351351351,0.03076923076923077,0.022222222222222254,0.15094339622641506,0.09876543209876543,0.06989247311827962,0.125,0.06666666666666665,0.14754098360655743,0.06299212598425197,0.09482758620689657,0.1842105263157895,0.1132075471698113,0.042857142857142816,0.05102040816326525,0.03804347826086951,0.046511627906976716,0.050000000000000044,0.061855670103092786,0.037234042553191515,0.02197802197802201,0.02941176470588236,0.033333333333333326,0.016949152542372836,0.1578947368421053,0.08333333333333337,0.13953488372093026,0.08108108108108103,0.1063829787234043,0.11111111111111116,0.09433962264150941,0.17021276595744683,0.06818181818181823,0.12727272727272732,0.10526315789473684,0.04225352112676062,0.13888888888888884,0.15217391304347827,0.11940298507462688,0.12676056338028174,0.13888888888888884,0.14035087719298245,0.15384615384615385,0.10144927536231885,0.15384615384615385,0.16326530612244894,0.09090909090909094,0.08510638297872342,0.1578947368421053,0.052631578947368474,0.11267605633802813,0.41666666666666663,0.13953488372093026,0.06493506493506496,0.09999999999999998,0.1578947368421053,0.15217391304347827
0.05063291139240511,0.11818181818181817,0.0357142857142857,0.0267857142857143,0.06315789473684208,1.0,0.03947368421052633,0.04379562043795615,0.060975609756097615,0.03875968992248058,0.09090909090909094,0.02409638554216864,0.060975609756097615,0.05882352941176472,0.02409638554216864,0.012345679012345734,0.06999999999999995,0.06060606060606055,0.023809523809523836,0.0964912280701754,0.06818181818181823,0.05208333333333337,0.13978494623655913,0.05970149253731338,0.024691358024691357,0.08421052631578951,0.050000000000000044,0.05789473684210522,0.12318840579710144,0.08433734939759041,0.04597701149425293,0.07317073170731703,0.05405405405405406,0.07777777777777772,0.04854368932038833,0.06976744186046513,0.023255813953488413,0.043209876543209846,0.0331125827814569,0.05882352941176472,0.06422018348623848,0.05128205128205132,0.05102040816326525,0.04938271604938271,0.06060606060606055,0.046511627906976716,0.03614457831325302,0.058252427184465994,0.13636363636363635,0.028037383177570097,0.07894736842105265,0.05208333333333337,0.043165467625899234,0.06578947368421051,0.048192771084337394,0.045454545454545414,0.052631578947368474,0.11111111111111116,0.024390243902439046,0.03797468354430378,0.05555555555555558,0.03529411764705881,0.06857142857142862,0.05607476635514019,0.0326797385620915,0.043010752688172005,0.05555555555555558,0.012499999999999956,0.014084507042253502,0.09352517985611508,0.09195402298850575,0.1208791208791209,0.03658536585365857,0.04878048780487809,0.05494505494505497,0.0892857142857143,0.04761904761904767,0.05084745762711862,0.05319148936170215,0.03488372093023251,0.08661417322834641,0.03703703703703709,0.061855670103092786,0.046666666666666634,0.03937007874015752,0.058394160583941646,0.038961038961038974,0.027027027027026973,0.06382978723404253,0.09999999999999998,0.050420168067226934,0.06451612903225812,0.04040404040404044,0.03809523809523807,0.04040404040404044,0.0423728813559322,0.04166666666666663,0.06796116504854366,0.05660377358490565,0.08571428571428574,0.04938271604938271,0.02409638554216864,0.0714285714285714,0.0431034482758621,0.061224489795918324,0.07291666666666663,0.05035971223021585,0.0625,0.04504504504504503,0.10526315789473684,0.03960396039603964,0.05940594059405946,0.0505050505050505,0.04054054054054057,0.08510638297872342,0.04958677685950408,0.05494505494505497,0.033333333333333326,0.044642857142857095,0.059523809523809534,0.07792207792207795,0.050000000000000044,0.0625,0.051948051948051965,0.038961038961038974,0.02684563758389258,0.09090909090909094,0.06976744186046513,0.051162790697674376,0.28865979381443296,0.0625,0.08661417322834641,0.05022831050228316,0.05785123966942152,0.050000000000000044,0.049180327868852514,0.08391608391608396,0.03947368421052633,0.0357142857142857,0.024390243902439046,0.04166666666666663,0.011627906976744207,0.03960396039603964,0.02197802197802201,0.046511627906976716,0.05128205128205132,0.07777777777777772,0.04255319148936165,0.05780346820809246,0.08333333333333337,0.03529411764705881,0.037735849056603765,0.045454545454545414,0.05555555555555558,0.052631578947368474,0.038961038961038974,0.06730769230769229,0.0674157303370787,0.05747126436781613,0.05063291139240511,0.052863436123347984,0.025974025974025983,0.04395604395604391,0.05555555555555558,0.06172839506172845,0.050000000000000044,0.08333333333333337,0.02020202020202022,0.06756756756756754,0.04761904761904767
0.0714285714285714,0.0357142857142857,0.02985074626865669,0.06201550387596899,0.10810810810810811,0.03947368421052633,1.0,0.10738255033557043,0.058252427184465994,0.06849315068493156,0.04402515723270439,0.08080808080808077,0.04807692307692313,0.04672897196261683,0.05940594059405946,0.0505050505050505,0.09322033898305082,0.09459459459459463,0.05882352941176472,0.0888888888888889,0.11538461538461542,0.03361344537815125,0.04065040650406504,0.09333333333333338,0.03960396039603964,0.07758620689655171,0.08163265306122447,0.04694835680751175,0.029069767441860517,0.02752293577981646,0.07619047619047614,0.09999999999999998,0.07526881720430112,0.034782608695652195,0.06557377049180324,0.08571428571428574,0.12408759124087587,0.11695906432748537,0.08536585365853655,0.08737864077669899,0.06976744186046513,0.08333333333333337,0.0964912280701754,0.03883495145631066,0.10434782608695647,0.08737864077669899,0.04854368932038833,0.07377049180327866,0.01666666666666672,0.03125,0.043165467625899234,0.0982142857142857,0.09150326797385622,0.08421052631578951,0.08999999999999997,0.07547169811320753,0.060869565217391286,0.05555555555555558,0.06000000000000005,0.02970297029702973,0.08333333333333337,0.05769230769230771,0.03980099502487566,0.08870967741935487,0.0650887573964497,0.09174311926605505,0.0625,0.08421052631578951,0.010752688172043001,0.029585798816568087,0.03539823008849563,0.04629629629629628,0.1030927835051546,0.07857142857142863,0.10280373831775702,0.05882352941176472,0.08910891089108908,0.05035971223021585,0.09009009009009006,0.06730769230769229,0.038961038961038974,0.07284768211920534,0.08695652173913049,0.059171597633136064,0.07692307692307687,0.05031446540880502,0.0625,0.04255319148936165,0.07017543859649122,0.04761904761904767,0.07299270072992703,0.09009009009009006,0.07758620689655171,0.09166666666666667,0.050420168067226934,0.08208955223880599,0.060869565217391286,0.11864406779661019,0.08064516129032262,0.08799999999999997,0.0490196078431373,0.08080808080808077,0.07627118644067798,0.09160305343511455,0.06779661016949157,0.08695652173913049,0.11258278145695366,0.05940594059405946,0.12195121951219512,0.016000000000000014,0.05833333333333335,0.10256410256410253,0.09565217391304348,0.05319148936170215,0.016393442622950838,0.02758620689655178,0.10280373831775702,0.05035971223021585,0.05785123966942152,0.05714285714285716,0.01941747572815533,0.0854700854700855,0.04347826086956519,0.08875739644970415,0.0736842105263158,0.08024691358024694,0.031746031746031744,0.038961038961038974,0.04641350210970463,0.050000000000000044,0.06015037593984962,0.06666666666666665,0.050000000000000044,0.006711409395973145,0.016000000000000014,0.03448275862068961,0.023121387283236983,0.07446808510638303,0.058252427184465994,0.07070707070707072,0.043010752688172005,0.04807692307692313,0.0854700854700855,0.06481481481481477,0.08737864077669899,0.02970297029702973,0.053097345132743334,0.052631578947368474,0.05670103092783507,0.0859375,0.07843137254901966,0.08196721311475408,0.0703125,0.053763440860215006,0.060869565217391286,0.0625,0.09917355371900827,0.08333333333333337,0.10679611650485432,0.03960396039603964,0.07851239669421484,0.07446808510638303,0.05405405405405406,0.0625,0.10204081632653061,0.10416666666666663,0.05303030303030298,0.08849557522123896,0.07446808510638303,0.07843137254901966
0.09756097560975607,0.031746031746031744,0.05128205128205132,0.07017543859649122,0.13684210526315788,0.04379562043795615,0.10738255033557043,1.0,0.08045977011494254,0.11904761904761907,0.03424657534246578,0.05747126436781613,0.0561797752808989,0.05434782608695654,0.09523809523809523,0.04705882352941182,0.11764705882352944,0.11363636363636365,0.05681818181818177,0.08196721311475408,0.1348314606741573,0.02857142857142858,0.03669724770642202,0.09558823529411764,0.046511627906976716,0.07843137254901966,0.09638554216867468,0.061224489795918324,0.025316455696202556,0.021052631578947323,0.06521739130434778,0.07954545454545459,0.08974358974358976,0.02970297029702973,0.08490566037735847,0.08791208791208793,0.06106870229007633,0.10691823899371067,0.058441558441558406,0.07777777777777772,0.0982142857142857,0.08536585365853655,0.11111111111111116,0.05747126436781613,0.1089108910891089,0.12790697674418605,0.0449438202247191,0.10476190476190472,0.01904761904761909,0.044642857142857095,0.040000000000000036,0.09090909090909094,0.07042253521126762,0.0864197530864198,0.08045977011494254,0.08791208791208793,0.08080808080808077,0.06201550387596899,0.05813953488372092,0.03488372093023251,0.08510638297872342,0.0674157303370787,0.060109289617486295,0.1009174311926605,0.044303797468354444,0.1063829787234043,0.07079646017699115,0.0864197530864198,0.025974025974025983,0.03246753246753242,0.020000000000000018,0.03431372549019607,0.10843373493975905,0.07936507936507942,0.13186813186813184,0.04878048780487809,0.09195402298850575,0.056451612903225756,0.10416666666666663,0.05494505494505497,0.021126760563380254,0.11363636363636365,0.12244897959183676,0.07894736842105265,0.10317460317460314,0.020134228187919434,0.07407407407407407,0.0641025641025641,0.11458333333333337,0.04395604395604391,0.09090909090909094,0.10416666666666663,0.06796116504854366,0.09433962264150941,0.07843137254901966,0.10169491525423724,0.1030927835051546,0.10377358490566035,0.08181818181818179,0.09999999999999998,0.08235294117647063,0.05747126436781613,0.08737864077669899,0.10344827586206895,0.08823529411764708,0.09999999999999998,0.09285714285714286,0.06976744186046513,0.0982142857142857,0.02752293577981646,0.07692307692307687,0.09615384615384615,0.09900990099009899,0.06329113924050633,0.01869158878504673,0.022900763358778664,0.0957446808510638,0.06504065040650409,0.05701754385964908,0.06666666666666665,0.03448275862068961,0.12,0.0535714285714286,0.0903225806451613,0.08750000000000002,0.0738255033557047,0.0267857142857143,0.07407407407407407,0.05429864253393668,0.04761904761904767,0.024390243902439046,0.058394160583941646,0.04405286343612336,0.015037593984962405,0.018181818181818188,0.038461538461538436,0.025316455696202556,0.07499999999999996,0.0444444444444444,0.08333333333333337,0.03797468354430378,0.06818181818181823,0.07692307692307687,0.07526881720430112,0.10227272727272729,0.03488372093023251,0.07216494845360821,0.0714285714285714,0.05555555555555558,0.1071428571428571,0.07954545454545459,0.07339449541284404,0.0892857142857143,0.07792207792207795,0.1030927835051546,0.08750000000000002,0.07272727272727275,0.0736842105263158,0.13793103448275867,0.05882352941176472,0.06956521739130439,0.07499999999999996,0.0625,0.06140350877192979,0.1071428571428571,0.1097560975609756,0.05084745762711862,0.06930693069306926,0.08860759493670889,0.0674157303370787
0.1724137931034483,0.04225352112676062,0.015151515151515138,0.04761904761904767,0.13043478260869568,0.060975609756097615,0.058252427184465994,0.08045977011494254,1.0,0.07594936708860756,0.021505376344086002,0.09090909090909094,0.11764705882352944,0.10810810810810811,0.09090909090909094,0.03125,0.11538461538461542,0.07058823529411762,0.05714285714285716,0.07042253521126762,0.125,0.1063829787234043,0.07547169811320753,0.0449438202247191,0.09677419354838712,0.125,0.12903225806451613,0.03401360544217691,0.039215686274509776,0.025000000000000022,0.07692307692307687,0.1470588235294118,0.11538461538461542,0.04347826086956519,0.07272727272727275,0.07499999999999996,0.05063291139240511,0.06194690265486724,0.05940594059405946,0.10810810810810811,0.1166666666666667,0.09999999999999998,0.125,0.09090909090909094,0.07692307692307687,0.17142857142857137,0.12121212121212122,0.13207547169811318,0.0625,0.01666666666666672,0.02777777777777779,0.08333333333333337,0.06666666666666665,0.1428571428571429,0.1515151515151515,0.13157894736842102,0.1333333333333333,0.06578947368421051,0.09375,0.03125,0.12195121951219512,0.05405405405405406,0.02985074626865669,0.0847457627118644,0.01869158878504673,0.11627906976744184,0.08333333333333337,0.06666666666666665,0.045454545454545414,0.04040404040404044,0.022222222222222254,0.026490066225165587,0.125,0.08108108108108103,0.11904761904761907,0.07352941176470584,0.18181818181818177,0.04166666666666663,0.08695652173913049,0.08108108108108103,0.02298850574712641,0.07058823529411762,0.125,0.05882352941176472,0.07792207792207795,0.021276595744680882,0.1071428571428571,0.125,0.10869565217391308,0.02631578947368418,0.04109589041095896,0.13636363636363635,0.038461538461538436,0.09090909090909094,0.05882352941176472,0.08823529411764708,0.08510638297872342,0.12962962962962965,0.06779661016949157,0.1607142857142857,0.16129032258064513,0.05882352941176472,0.12,0.07462686567164178,0.07843137254901966,0.125,0.06593406593406592,0.125,0.09836065573770492,0.03703703703703709,0.0980392156862745,0.11538461538461542,0.09999999999999998,0.16666666666666663,0.019230769230769273,0.012987012987012991,0.09302325581395354,0.0714285714285714,0.02777777777777779,0.1428571428571429,0.030303030303030276,0.12,0.03418803418803418,0.06603773584905659,0.1071428571428571,0.07216494845360821,0.07272727272727275,0.07228915662650603,0.04117647058823526,0.05555555555555558,0.02941176470588236,0.03488372093023251,0.02840909090909094,0.025974025974025983,0.018181818181818188,0.012820512820512775,0.019230769230769273,0.11111111111111116,0.05555555555555558,0.09375,0.040000000000000036,0.05555555555555558,0.0980392156862745,0.07317073170731703,0.13888888888888884,0.06451612903225812,0.11627906976744184,0.0888888888888889,0.03875968992248058,0.09677419354838712,0.1470588235294118,0.10909090909090913,0.08196721311475408,0.2272727272727273,0.08510638297872342,0.14814814814814814,0.08771929824561409,0.15000000000000002,0.13157894736842102,0.1333333333333333,0.04395604395604391,0.11111111111111116,0.06976744186046513,0.048387096774193505,0.15625,0.16666666666666663,0.0625,0.061224489795918324,0.19999999999999996,0.11428571428571432
0.1095890410958904,0.03418803418803418,0.036363636363636376,0.07619047619047614,0.1123595505617978,0.03875968992248058,0.06849315068493156,0.11904761904761907,0.07594936708860756,1.0,0.02898550724637683,0.0641025641025641,0.07594936708860756,0.04761904761904767,0.0641025641025641,0.052631578947368474,0.15384615384615385,0.10399999999999998,0.050000000000000044,0.08849557522123896,0.09523809523809523,0.04210526315789476,0.0505050505050505,0.11111111111111116,0.07999999999999996,0.09782608695652173,0.10810810810810811,0.05291005291005291,0.04081632653061229,0.011494252873563204,0.07228915662650603,0.10256410256410253,0.07042253521126762,0.021505376344086002,0.08163265306122447,0.08433734939759041,0.06557377049180324,0.1283783783783784,0.06206896551724139,0.07317073170731703,0.08571428571428574,0.08108108108108103,0.10989010989010994,0.05063291139240511,0.1573033707865169,0.0864197530864198,0.050000000000000044,0.1030927835051546,0.02083333333333337,0.02857142857142858,0.0431034482758621,0.09999999999999998,0.06716417910447758,0.06756756756756754,0.07594936708860756,0.08433734939759041,0.0888888888888889,0.06666666666666665,0.06493506493506496,0.02564102564102566,0.09411764705882353,0.07499999999999996,0.04519774011299438,0.12121212121212122,0.046979865771812124,0.10465116279069764,0.07692307692307687,0.053333333333333344,0.02941176470588236,0.03448275862068961,0.010869565217391353,0.04663212435233166,0.07792207792207795,0.07627118644067798,0.1325301204819277,0.04347826086956519,0.08860759493670889,0.042735042735042694,0.18292682926829273,0.060975609756097615,0.030303030303030276,0.21052631578947367,0.10989010989010994,0.08391608391608396,0.12068965517241381,0.021428571428571463,0.06849315068493156,0.07246376811594202,0.101123595505618,0.04878048780487809,0.07894736842105265,0.11494252873563215,0.06315789473684208,0.09183673469387754,0.04123711340206182,0.11009174311926606,0.06521739130434778,0.10204081632653061,0.07843137254901966,0.0980392156862745,0.09210526315789469,0.0641025641025641,0.13186813186813184,0.11214953271028039,0.0625,0.17441860465116277,0.13385826771653542,0.07792207792207795,0.09615384615384615,0.01980198019801982,0.07291666666666663,0.0714285714285714,0.09677419354838712,0.0714285714285714,0.010101010101010055,0.016260162601625994,0.08045977011494254,0.23232323232323238,0.05936073059360736,0.08750000000000002,0.025316455696202556,0.10752688172043012,0.04347826086956519,0.0738255033557047,0.08333333333333337,0.06338028169014087,0.029126213592232997,0.07936507936507942,0.041860465116279055,0.05128205128205132,0.017391304347826098,0.07086614173228345,0.04109589041095896,0.016129032258064502,0.01980198019801982,0.024390243902439046,0.013245033112582738,0.06944444444444442,0.03658536585365857,0.10810810810810811,0.042857142857142816,0.08974358974358976,0.1573033707865169,0.07058823529411762,0.09999999999999998,0.02564102564102566,0.0674157303370787,0.06666666666666665,0.06470588235294117,0.10576923076923073,0.07499999999999996,0.09090909090909094,0.09708737864077666,0.08823529411764708,0.0888888888888889,0.09859154929577463,0.07920792079207917,0.09411764705882353,0.11111111111111116,0.06578947368421051,0.10232558139534886,0.09999999999999998,0.08139534883720934,0.06666666666666665,0.07692307692307687,0.09333333333333338,0.05504587155963303,0.125,0.08450704225352113,0.08860759493670889
0.05813953488372092,0.09166666666666667,0.07826086956521738,0.03361344537815125,0.028301886792452824,0.09090909090909094,0.04402515723270439,0.03424657534246578,0.021505376344086002,0.02898550724637683,1.0,0.033333333333333326,0.04395604395604391,0.03157894736842104,0.0449438202247191,0.022727272727272707,0.0267857142857143,0.04225352112676062,0.021739130434782594,0.07258064516129037,0.030303030303030276,0.03809523809523807,0.09615384615384615,0.06382978723404253,0.022471910112359605,0.05714285714285716,0.045454545454545414,0.07731958762886593,0.09395973154362414,0.07692307692307687,0.010204081632653073,0.021276595744680882,0.023809523809523836,0.08247422680412375,0.026548672566371723,0.052631578947368474,0.03703703703703709,0.03508771929824561,0.025000000000000022,0.03157894736842104,0.04201680672268904,0.046511627906976716,0.01834862385321101,0.0449438202247191,0.03669724770642202,0.010309278350515427,0.021739130434782594,0.03539823008849563,0.11340206185567014,0.04424778761061943,0.09166666666666667,0.03809523809523807,0.04081632653061229,0.02298850574712641,0.021505376344086002,0.04166666666666663,0.038461538461538436,0.08661417322834641,0.022222222222222254,0.046511627906976716,0.05102040816326525,0.032258064516129004,0.05978260869565222,0.025423728813559365,0.0573248407643312,0.009615384615384581,0.07017543859649122,0.03488372093023251,0.012658227848101222,0.09589041095890416,0.11956521739130432,0.08163265306122447,0.0449438202247191,0.04580152671755722,0.02970297029702973,0.07438016528925617,0.010526315789473717,0.04761904761904767,0.028846153846153855,0.03191489361702127,0.10606060606060608,0.020689655172413834,0.02777777777777779,0.044303797468354444,0.02941176470588236,0.18604651162790697,0.03529411764705881,0.024390243902439046,0.018867924528301883,0.09090909090909094,0.047244094488189003,0.0490196078431373,0.03738317757009346,0.02631578947368418,0.047169811320754707,0.03968253968253965,0.02857142857142858,0.07272727272727275,0.03448275862068961,0.03389830508474578,0.0449438202247191,0.033333333333333326,0.05607476635514019,0.04878048780487809,0.03703703703703709,0.02777777777777779,0.03355704697986572,0.010869565217391353,0.024793388429752095,0.13,0.027272727272727226,0.05504587155963303,0.04672897196261683,0.02409638554216864,0.08910891089108908,0.0714285714285714,0.02970297029702973,0.03125,0.04761904761904767,0.021052631578947323,0.08333333333333337,0.027272727272727226,0.053254437869822535,0.030303030303030276,0.03529411764705881,0.012578616352201255,0.06422018348623848,0.07352941176470584,0.02631578947368418,0.10833333333333328,0.10434782608695647,0.1145038167938931,0.048458149779735726,0.03816793893129766,0.06603773584905659,0.03816793893129766,0.065359477124183,0.02352941176470591,0.021505376344086002,0.0337078651685393,0.0641025641025641,0.03260869565217395,0.018018018018018056,0.02020202020202022,0.03157894736842104,0.046511627906976716,0.0714285714285714,0.019230769230769273,0.05524861878453036,0.050420168067226934,0.010526315789473717,0.02608695652173909,0.03361344537815125,0.024390243902439046,0.04854368932038833,0.011494252873563204,0.07207207207207211,0.01980198019801982,0.030927835051546393,0.022471910112359605,0.06926406926406925,0.02352941176470591,0.030000000000000027,0.03389830508474578,0.03296703296703296,0.045454545454545414,0.08695652173913049,0.01869158878504673,0.0357142857142857,0.06666666666666665
0.1428571428571429,0.04347826086956519,0.031746031746031744,0.06666666666666665,0.11111111111111116,0.02409638554216864,0.08080808080808077,0.05747126436781613,0.09090909090909094,0.0641025641025641,0.033333333333333326,1.0,0.125,0.08333333333333337,0.1724137931034483,0.1071428571428571,0.0980392156862745,0.07228915662650603,0.06060606060606055,0.07246376811594202,0.13157894736842102,0.04166666666666663,0.037735849056603765,0.07058823529411762,0.10344827586206895,0.13043478260869568,0.1785714285714286,0.0273972602739726,0.02970297029702973,0.05405405405405406,0.11111111111111116,0.15625,0.17391304347826086,0.022222222222222254,0.07547169811320753,0.10810810810810811,0.07999999999999996,0.06306306306306309,0.06060606060606055,0.1470588235294118,0.08333333333333337,0.14814814814814814,0.1063829787234043,0.030303030303030276,0.07999999999999996,0.11428571428571432,0.12903225806451613,0.11538461538461542,0.02083333333333337,0.03508771929824561,0.014084507042253502,0.11111111111111116,0.0561797752808989,0.15384615384615385,0.16129032258064513,0.13888888888888884,0.0888888888888889,0.053333333333333344,0.1785714285714286,0.033333333333333326,0.1282051282051282,0.15625,0.030303030303030276,0.08771929824561409,0.028846153846153855,0.12195121951219512,0.08620689655172409,0.15384615384615385,0.050000000000000044,0.02020202020202022,0.023255813953488413,0.02684563758389258,0.1724137931034483,0.08333333333333337,0.15384615384615385,0.044117647058823484,0.12121212121212122,0.042857142857142816,0.09090909090909094,0.1875,0.048192771084337394,0.08536585365853655,0.1063829787234043,0.04950495049504955,0.07999999999999996,0.021739130434782594,0.11538461538461542,0.13636363636363635,0.11363636363636365,0.08823529411764708,0.08823529411764708,0.19999999999999996,0.08333333333333337,0.18367346938775508,0.061224489795918324,0.10769230769230764,0.11363636363636365,0.1132075471698113,0.10909090909090913,0.08620689655172409,0.1333333333333333,0.09677419354838712,0.14893617021276595,0.07692307692307687,0.08163265306122447,0.1063829787234043,0.07954545454545459,0.09677419354838712,0.10169491525423724,0.018867924528301883,0.10204081632653061,0.0980392156862745,0.10416666666666663,0.18181818181818177,0.020000000000000018,0.027027027027026973,0.125,0.05797101449275366,0.03389830508474578,0.11764705882352944,0.06666666666666665,0.10204081632653061,0.034782608695652195,0.047169811320754707,0.16000000000000003,0.04081632653061229,0.017857142857142905,0.0357142857142857,0.01744186046511631,0.02777777777777779,0.0461538461538461,0.0357142857142857,0.02285714285714291,0.013157894736842146,0.018867924528301883,0.04054054054054057,0.009708737864077666,0.12,0.02857142857142858,0.2222222222222222,0.09090909090909094,0.125,0.14893617021276595,0.07692307692307687,0.1470588235294118,0.06896551724137934,0.06976744186046513,0.09302325581395354,0.03937007874015752,0.09999999999999998,0.12121212121212122,0.09259259259259256,0.1428571428571429,0.19047619047619047,0.0888888888888889,0.11538461538461542,0.0714285714285714,0.09999999999999998,0.17142857142857137,0.06666666666666665,0.0444444444444444,0.33333333333333337,0.07317073170731703,0.125,0.12903225806451613,0.1785714285714286,0.04761904761904767,0.11111111111111116,0.21739130434782605,0.15625
