var davis_tanimoto_raw = [[1.0, 0.605, 0.647, 0.539, 0.636, 0.44, 0.661, 0.609, 0.555, 0.714, 0.64, 0.737, 0.684, 0.39, 0.63, 0.685, 0.74, 0.493, 0.712, 0.449], [0.605, 1.0, 0.651, 0.432, 0.619, 0.378, 0.522, 0.628, 0.576, 0.63, 0.53, 0.66, 0.714, 0.366, 0.613, 0.639, 0.564, 0.619, 0.619, 0.445], [0.647, 0.651, 1.0, 0.459, 0.715, 0.426, 0.488, 0.729, 0.616, 0.701, 0.621, 0.658, 0.756, 0.41, 0.744, 0.713, 0.676, 0.579, 0.735, 0.496], [0.539, 0.432, 0.459, 1.0, 0.48, 0.381, 0.668, 0.543, 0.527, 0.519, 0.471, 0.468, 0.454, 0.585, 0.473, 0.419, 0.555, 0.574, 0.473, 0.521], [0.636, 0.619, 0.715, 0.48, 1.0, 0.471, 0.507, 0.685, 0.575, 0.798, 0.684, 0.682, 0.689, 0.459, 0.953, 0.762, 0.702, 0.609, 0.67, 0.486], [0.44, 0.378, 0.426, 0.381, 0.471, 1.0, 0.32, 0.443, 0.271, 0.439, 0.456, 0.403, 0.382, 0.423, 0.463, 0.43, 0.484, 0.346, 0.452, 0.357], [0.661, 0.522, 0.488, 0.668, 0.507, 0.32, 1.0, 0.53, 0.573, 0.592, 0.477, 0.532, 0.521, 0.489, 0.495, 0.52, 0.511, 0.59, 0.513, 0.493], [0.609, 0.628, 0.729, 0.543, 0.685, 0.443, 0.53, 1.0, 0.598, 0.673, 0.57, 0.616, 0.644, 0.429, 0.698, 0.622, 0.636, 0.594, 0.644, 0.48], [0.555, 0.576, 0.616, 0.527, 0.575, 0.271, 0.573, 0.598, 1.0, 0.563, 0.483, 0.579, 0.693, 0.395, 0.568, 0.578, 0.533, 0.62, 0.528, 0.546], [0.714, 0.63, 0.701, 0.519, 0.798, 0.439, 0.592, 0.673, 0.563, 1.0, 0.618, 0.752, 0.715, 0.42, 0.792, 0.775, 0.676, 0.58, 0.723, 0.492], [0.64, 0.53, 0.621, 0.471, 0.684, 0.456, 0.477, 0.57, 0.483, 0.618, 1.0, 0.621, 0.619, 0.415, 0.697, 0.713, 0.642, 0.51, 0.595, 0.405], [0.737, 0.66, 0.658, 0.468, 0.682, 0.403, 0.532, 0.616, 0.579, 0.752, 0.621, 1.0, 0.786, 0.357, 0.658, 0.805, 0.704, 0.517, 0.679, 0.468], [0.684, 0.714, 0.756, 0.454, 0.689, 0.382, 0.521, 0.644, 0.693, 0.715, 0.619, 0.786, 1.0, 0.364, 0.683, 0.797, 0.64, 0.527, 0.628, 0.482], [0.39, 0.366, 0.41, 0.585, 0.459, 0.423, 0.489, 0.429, 0.395, 0.42, 0.415, 0.357, 0.364, 1.0, 0.462, 0.378, 0.413, 0.518, 0.398, 0.497], [0.63, 0.613, 0.744, 0.473, 0.953, 0.463, 0.495, 0.698, 0.568, 0.792, 0.697, 0.658, 0.683, 0.462, 1.0, 0.742, 0.702, 0.614, 0.67, 0.473], [0.685, 0.639, 0.713, 0.419, 0.762, 0.43, 0.52, 0.622, 0.578, 0.775, 0.713, 0.805, 0.797, 0.378, 0.742, 1.0, 0.635, 0.51, 0.674, 0.471], [0.74, 0.564, 0.676, 0.555, 0.702, 0.484, 0.511, 0.636, 0.533, 0.676, 0.642, 0.704, 0.64, 0.413, 0.702, 0.635, 1.0, 0.564, 0.665, 0.43], [0.493, 0.619, 0.579, 0.574, 0.609, 0.346, 0.59, 0.594, 0.62, 0.58, 0.51, 0.517, 0.527, 0.518, 0.614, 0.51, 0.564, 1.0, 0.509, 0.541], [0.712, 0.619, 0.735, 0.473, 0.67, 0.452, 0.513, 0.644, 0.528, 0.723, 0.595, 0.679, 0.628, 0.398, 0.67, 0.674, 0.665, 0.509, 1.0, 0.486], [0.449, 0.445, 0.496, 0.521, 0.486, 0.357, 0.493, 0.48, 0.546, 0.492, 0.405, 0.468, 0.482, 0.497, 0.473, 0.471, 0.43, 0.541, 0.486, 1.0]]