var kiba_tanimoto_raw = [[1.0, 0.971, 0.298, 0.309, 0.321, 0.301, 0.352, 0.343, 0.479, 0.484, 0.48, 0.48, 0.492, 0.482, 0.467, 0.482, 0.484, 0.48, 0.472, 0.492], [0.971, 1.0, 0.302, 0.315, 0.326, 0.306, 0.335, 0.349, 0.487, 0.492, 0.488, 0.488, 0.5, 0.49, 0.474, 0.49, 0.492, 0.488, 0.48, 0.5], [0.298, 0.302, 1.0, 0.598, 0.678, 0.675, 0.502, 0.585, 0.535, 0.559, 0.571, 0.566, 0.539, 0.562, 0.574, 0.546, 0.553, 0.566, 0.574, 0.55], [0.309, 0.315, 0.598, 1.0, 0.598, 0.65, 0.383, 0.573, 0.524, 0.545, 0.541, 0.559, 0.554, 0.543, 0.544, 0.543, 0.545, 0.559, 0.533, 0.554], [0.321, 0.326, 0.678, 0.598, 1.0, 0.63, 0.545, 0.733, 0.592, 0.579, 0.594, 0.613, 0.557, 0.577, 0.596, 0.583, 0.586, 0.613, 0.566, 0.589], [0.301, 0.306, 0.675, 0.65, 0.63, 1.0, 0.481, 0.563, 0.512, 0.555, 0.551, 0.557, 0.552, 0.553, 0.542, 0.541, 0.543, 0.557, 0.543, 0.552], [0.352, 0.335, 0.502, 0.383, 0.545, 0.481, 1.0, 0.515, 0.408, 0.441, 0.449, 0.454, 0.437, 0.44, 0.442, 0.44, 0.441, 0.454, 0.427, 0.442], [0.343, 0.349, 0.585, 0.573, 0.733, 0.563, 0.515, 1.0, 0.63, 0.546, 0.56, 0.578, 0.525, 0.544, 0.563, 0.55, 0.552, 0.578, 0.534, 0.555], [0.479, 0.487, 0.535, 0.524, 0.592, 0.512, 0.408, 0.63, 1.0, 0.579, 0.592, 0.604, 0.587, 0.588, 0.588, 0.588, 0.585, 0.604, 0.566, 0.587], [0.484, 0.492, 0.559, 0.545, 0.579, 0.555, 0.441, 0.546, 0.579, 1.0, 0.982, 0.957, 0.948, 0.978, 0.929, 0.961, 0.965, 0.957, 0.966, 0.982], [0.48, 0.488, 0.571, 0.541, 0.594, 0.551, 0.449, 0.56, 0.592, 0.982, 1.0, 0.965, 0.931, 0.978, 0.937, 0.961, 0.965, 0.965, 0.957, 0.974], [0.48, 0.488, 0.566, 0.559, 0.613, 0.557, 0.454, 0.578, 0.604, 0.957, 0.965, 1.0, 0.931, 0.953, 0.97, 0.961, 0.965, 1.0, 0.932, 0.974], [0.492, 0.5, 0.539, 0.554, 0.557, 0.552, 0.437, 0.525, 0.587, 0.948, 0.931, 0.931, 1.0, 0.935, 0.904, 0.961, 0.939, 0.931, 0.915, 0.956], [0.482, 0.49, 0.562, 0.543, 0.577, 0.553, 0.44, 0.544, 0.588, 0.978, 0.978, 0.953, 0.935, 1.0, 0.925, 0.965, 0.961, 0.953, 0.953, 0.969], [0.467, 0.474, 0.574, 0.544, 0.596, 0.542, 0.442, 0.563, 0.588, 0.929, 0.937, 0.97, 0.904, 0.925, 1.0, 0.933, 0.962, 0.97, 0.937, 0.944], [0.482, 0.49, 0.546, 0.543, 0.583, 0.541, 0.44, 0.55, 0.588, 0.961, 0.961, 0.961, 0.961, 0.965, 0.933, 1.0, 0.969, 0.961, 0.936, 0.978], [0.484, 0.492, 0.553, 0.545, 0.586, 0.543, 0.441, 0.552, 0.585, 0.965, 0.965, 0.965, 0.939, 0.961, 0.962, 0.969, 1.0, 0.965, 0.949, 0.982], [0.48, 0.488, 0.566, 0.559, 0.613, 0.557, 0.454, 0.578, 0.604, 0.957, 0.965, 1.0, 0.931, 0.953, 0.97, 0.961, 0.965, 1.0, 0.932, 0.974], [0.472, 0.48, 0.574, 0.533, 0.566, 0.543, 0.427, 0.534, 0.566, 0.966, 0.957, 0.932, 0.915, 0.953, 0.937, 0.936, 0.949, 0.932, 1.0, 0.957], [0.492, 0.5, 0.55, 0.554, 0.589, 0.552, 0.442, 0.555, 0.587, 0.982, 0.974, 0.974, 0.956, 0.969, 0.944, 0.978, 0.982, 0.974, 0.957, 1.0]]